198.99999999708976 195.40633879303277 198.99999999558918 198.9999999965441 0.0 0.0
198.99999100873225 198.9999909600643 198.99999108302237 198.99996516115954 0.0 0.0
198.99997593029326 198.99999999513443 198.9999999969022 198.99999999653272 0.0 0.0
198.99999102882043 198.99999077438255 195.45943628006603 198.99999538799545 0.0 0.0
198.99999999699878 198.99999999699884 198.99999999699884 198.99999999699884 0.0 0.0
195.46005078120606 195.46005078207565 195.46005078207293 195.46629831795076 0.0 0.0
198.99997604652614 198.9999733453794 198.99997616285097 198.99997611915526 0.0 0.0
198.99999107329884 198.99999107330774 198.9999910511247 198.99999107360242 0.0 0.0
0.0 0.0 0.0 0.0 0.0 0.0
0.0 0.0 0.0 0.0 0.0 0.0
0.0 0.0 0.0 0.0 0.0 0.0
0.0 0.0 0.0 0.0 0.0 0.0
0.0 0.0 0.0 0.0 0.0 0.0
0.0 0.0 0.0 0.0 0.0 0.0
0.0 0.0 0.0 0.0 0.0 0.0
0.0 0.0 0.0 0.0 0.0 0.0
0.0 0.0 0.0 0.0 0.0 0.0
0.0 0.0 0.0 0.0 0.0 0.0
0.0 0.0 0.0 0.0 0.0 0.0
0.0 0.0 0.0 0.0 0.0 0.0
0.0 0.0 0.0 0.0 0.0 0.0
0.0 0.0 0.0 0.0 0.0 0.0
0.0 0.0 0.0 0.0 0.0 0.0
0.0 0.0 0.0 0.0 0.0 0.0
0.0 0.0 0.0 0.0 0.0 0.0
0.0 0.0 0.0 0.0 0.0 0.0
0.0 0.0 0.0 0.0 0.0 0.0
