579.2506851752208 593.6712286343368 579.1072840757859 546.3891571560293 0.0 0.0
0.0 0.0 71.97219083059122 0.0 0.0 0.0
0.0 710.7609410944923 614.0897742134416 627.4631679982792 0.0 0.0
0.0 612.2366952670538 608.4140482342513 404.4755616408575 0.0 0.0
635.4773273051742 572.0741715600357 603.2471205497637 589.2473069236361 0.0 0.0
611.7353774733004 595.2419948531865 601.8811898859708 590.2128392902454 0.0 0.0
0.0 0.0 0.0 0.0 0.0 0.0
603.2022269741869 603.2125016840333 0.0 235.9326117164943 0.0 0.0
0.0 0.0 0.0 0.0 0.0 0.0
0.0 0.0 0.0 0.0 0.0 0.0
0.0 0.0 0.0 0.0 0.0 0.0
0.0 0.0 0.0 0.0 0.0 0.0
0.0 0.0 0.0 0.0 0.0 0.0
0.0 0.0 0.0 0.0 0.0 0.0
0.0 0.0 0.0 0.0 0.0 0.0
0.0 0.0 0.0 0.0 0.0 0.0
0.0 0.0 0.0 0.0 0.0 0.0
0.0 0.0 0.0 0.0 0.0 0.0
0.0 0.0 0.0 0.0 0.0 0.0
0.0 0.0 0.0 0.0 0.0 0.0
0.0 0.0 0.0 0.0 0.0 0.0
0.0 0.0 0.0 0.0 0.0 0.0
0.0 0.0 0.0 0.0 0.0 0.0
0.0 0.0 0.0 0.0 0.0 0.0
0.0 0.0 0.0 0.0 0.0 0.0
0.0 0.0 0.0 0.0 0.0 0.0
0.0 0.0 0.0 0.0 0.0 0.0
